2007931
2189419
2071805
1969761
2092649
2228840
2325643
2377488
2406649
2167421
1876813
1839555
2119310
2164719
2111525
2187026
2419862
2324080
2255089
2547956
2576851
2510520
2416279
2231018
2065647
2097996
2286486
2306687
2328640
2383611
2301382
2121518
2019563
2050271
2046920
2189174
2260462
2253241
2189953
2114584
2205429
2161579
2233197
2261071
2413856
2374451
2104087
2165541
2150961
2180354
2401688
2431470
2163933
2022572
2137085
2114707
2144355
2314037
2331318
2236326
2097903
2092905
2030637
2038122
2078305
2196649
2031211
1944290
1972105
1951239
1985733
1993003
1911912
1872550
1893174
2086319
2026972
1998122
1948161
1872229
1817521
1867028
2034204
1952562
1956515
1870614
1782937
1723613
1688315
1794178
1898927
1904545
1844325
1790672
1666281
1621316
1715458
1734048
1713271
1866962
1796566
1692205
1603827
1740846
1801206
1874536
1880772
1885383
1728373
1673052
1728932
1771683
1823832
1790836
1745898
1619464
1654723
1790684
1760153
1734591
1759659
1711010
1577981
1585175
1698700
1740746
1787843
1748294
1774416
1762398
1660467
1804283
1795863
1764707
1759284
1828653
1732940
1661391
1769825
1744865
1744842
1753673
1766779
1735526
1728999
1838344
2118475
2154482
2159160
2131279
1848088
1638241
1772812
1996913
2256195
2362501
2343903
2231000
1939590
2126294
2404380
2598188
2334723
2179020
1802418
1698112
1901527
1995511
2059656
2172526
2260958
2172883
2188137
2435138
2402147
2302398
2257775
2290137
2261134
2320693
2547559
2511616
2496826
2548752
2554248
2457776
2495488
2739274
2711030
2757170
2837029
2659448
2441714
2314454
2481545
2516203
2594300
2580057
2685904
2675397
2704147
2896287
2813668
2745775
2665574
2593261
2544875
2673324
2869903
2893184
2809827
2703364
2493282
2352401
2407273
2436515
2284540
2312209
2322009
2349611
2287731
2432302
2739700
2716041
2688144
2634522
2589263
2264032
2090809
2317941
2319190
2264592
2275856
2369259
2365536
2390464
2716235
2754505
2572516
2762373
2678715
2345411
2054473
2186172
2321370
2504184
2535031
2371772
1973378
1932047
2030656
2307185
2361366
2402578
2227967
1984655
1986464
2077727
1886395
1920322
1961805
1877128
1649286
1628397
1815497
1856198
1905870
1932723
1931198
1833836
1854808
2050600
1990861
1865910
1856452
1812341
1678934
1657751
1836218
1861831
1887686
1843266
1834405
1736305
1705298
1884050
1856455
1855024
1864453
1851846
1734763
1710801
1873699
1898286
1923644
1950400
1915720
1747670
1741203
1928503
1923389
1927309
1961248
1960594
1867041
1914336
2091232
2018983
1956291
1898555
1860029
1727609
1692004
1874037
1902240
1919588
1947714
1948009
1877201
1812649
1976848
2122762
2204173
2163141
1966712
1831849
1833807
2002504
2103360
2026648
1750827
1758725
1802918
1879074
2087238
2244299
2287702
2261328
2142277
2062932
2109281
2356065
2371157
2343102
2222702
2128408
1959614
1911791
2269573
2393187
2498714
2441306
2449428
2356262
2215532
2292732
2253565
2246251
2065069
2186914
2372299
2256392
2243775
2308123
2286455
2133888
